=~=~=~=~=~=~=~=~=~=~=~= PuTTY log 2024.10.21 11:03:15 =~=~=~=~=~=~=~=~=~=~=~=
507
506
506
504
499
490
481
473
472
475
481
484
483
479
474
471
467
468
469
467
461
450
436
424
416
418
429
442
458
464
465
459
448
433
416
400
391
392
405
422
432
445
448
438
416
388
368
377
398
405
421
436
436
418
389
369
371
366
377
393
407
406
400
410
389
375
371
376
379
383
389
381
373
372
369
375
395
381
370
369
369
369
374
367
358
352
354
370
392
378
363
356
350
358
372
358
347
347
357
389
371
353
343
339
353
371
349
342
341
359
375
355
340
336
344
361
351
332
329
346
373
354
339
333
339
357
345
325
323
345
369
348
330
323
337
357
333
320
325
354
358
334
323
324
346
343
319
314
337
363
340
324
320
338
358
323
310
323
367
344
321
314
329
351
323
310
320
368
344
320
313
327
350
323
305
314
364
341
321
313
329
351
320
302
314
360
336
312
308
329
353
312
302
325
355
327
309
309
335
334
305
299
331
345
317
307
318
344
325
299
303
361
335
308
303
325
350
310
298
321
351
321
303
308
336
329
300
297
334
336
308
302
323
349
313
295
312
349
320
300
305
334
327
300
298
336
335
304
298
321
348
309
295
316
345
314
299
309
339
324
296
298
356
327
299
297
326
335
303
295
326
340
307
296
312
343
313
293
308
348
317
297
304
335
325
296
294
355
327
297
294
323
326
301
293
326
338
304
293
313
343
310
292
312
345
313
295
305
337
321
294
297
353
322
294
295
327
328
298
294
331
333
299
292
318
347
303
290
319
339
305
293
312
342
312
291
306
345
312
291
301
334
317
295
301
352
321
294
295
327
325
295
292
343
328
297
294
322
351
301
290
321
336
300
290
312
342
306
292
315
343
308
291
304
337
314
291
303
347
315
293
300
333
321
293
294
353
322
292
292
325
327
296
293
331
330
296
290
318
328
299
289
322
335
306
291
314
344
307
289
311
340
305
291
305
337
311
292
312
347
313
291
299
332
318
291
297
351
319
295
296
329
324
294
291
359
324
292
290
322
327
297
291
328
332
297
289
316
346
300
288
319
336
298
293
313
344
307
288
310
340
305
289
304
336
311
291
308
347
313
290
298
332
317
290
298
349
318
292
297
330
323
293
291
353
323
292
290
323
325
296
291
329
330
295
289
317
324
298
288
321
334
302
291
314
345
305
288
313
339
303
289
306
338
308
291
311
344
310
290
300
334
314
289
301
347
314
292
299
332
320
291
293
352
320
290
292
326
323
294
293
333
326
294
290
321
328
296
289
325
330
297
292
319
348
301
288
319
335
298
288
311
342
304
290
316
340
304
289
306
338
308
289
307
342
309
291
303
336
315
290
299
347
314
289
296
330
318
293
297
353
320
291
292
326
322
292
291
344
324
292
292
324
324
296
288
325
329
294
288
317
348
299
290
323
335
299
289
311
343
302
288
315
338
303
290
309
341
312
288
307
342
307
288
301
335
312
291
305
347
313
290
297
331
317
290
297
349
317
291
297
329
322
292
291
355
322
291
290
323
325
295
291
330
328
294
289
318
332
297
288
323
332
297
290
316
346
302
287
316
336
300
288
309
340
305
290
313
341
306
289
304
337
309
288
307
343
310
291
302
335
316
290
298
347
314
289
295
329
318
293
297
353
320
291
292
326
323
292
291
364
324
295
292
323
325
296
288
325
329
294
288
317
347
298
289
322
335
299
288
311
343
302
288
315
337
302
290
309
341
317
288
307
341
307
288
301
335
312
291
304
347
313
289
297
331
316
290
297
348
316
291
295
330
321
292
292
352
321
290
290
324
323
294
292
331
327
293
289
319
327
295
288
324
330
297
290
317
348
301
287
318
335
298
287
311
341
303
289
316
340
304
288
305
338
307
288
308
342
307
293
304
337
316
289
301
345
311
288
297
331
315
294
299
350
317
290
293
328
320
291
293
351
320
292
292
326
326
294
289
362
326
292
288
320
326
296
290
327
332
296
288
315
346
299
288
319
334
299
288
313
343
304
287
312
338
302
287
306
338
307
290
310
343
308
289
301
335
312
289
302
345
312
291
299
333
318
290
295
349
317
289
293
327
320
293
294
354
323
292
290
323
324
293
289
328
326
296
289
321
350
297
287
322
332
295
287
314
345
300
289
320
337
300
288
309
341
304
288
313
338
303
290
308
340
310
288
306
342
307
287
301
334
312
291
303
347
313
289
296
331
316
290
296
349
317
291
296
329
322
292
291
354
321
290
290
323
324
294
291
330
327
293
288
319
326
296
288
324
330
296
291
317
348
300
287
318
334
297
287
